$ANSIBLE_VAULT;1.1;AES256
38303565303132656137626264383263343634333932626534623161393864366232373831353863
3330613863623134383535353563346132656332386336310a363034313362656436386635393237
31373239613431333762653963366532373661316430666332383762336435636233373762616632
3562306166323338630a666536613030323134336439613836386263356133616632373365346266
39373139666534313066316537343532643766663131623039613765633131393032393336363061
37346666613261373033643865623336613334386336623039663962636637626565643464303634
36306335303133633638373732303732323137323338656535383632353664353762663062343938
62356436383136353734663135326336653331383462353063303034646231326463333036393033
36663462356663613830363039646635623161393366666631613534653133303532653964653331
66656465343038333738313732323733393934313334656265363662313638343163393638396264
39663035313138396539373831626531323662626661396331326236373034336564663234346262
36666462633739633062396234393332396263633462356339316362396664303533326464383838
36613935323738653862396163316563306466356533616135623066353737633234613065653036
62643839636266316566643331623963323235383538356134656436343935623332333661393536
36636663633134333761653463636561303934383232373436333762636163353866346262333961
63343965623665643239613037363638303837393730643433316133343766343265393230633638
66303235396162366335323866316438626364333434626239646432323266333862363635376166
62613131313462636134633364643938366261643633393835316639666336343837356463343633
33363838353366356637323264633562386334356137666363373436346163653862626361356363
33336534356633373163306462613934333536303035656561313833316664653265346132333261
37353031313165643763303738623730303839356430633033616434333331626236616135396230
62303937306235396633363835393936306262313531373461383862326432356437623361653934
30613333313838316461326135626634386133613862353834653734616665386663313061383433
37666136613738373033343734626261663766353333646265623836323661656239643232303635
64633639633466653866623761623837383333636430396231356330323834383038363434323035
38343763623866663636393430303634623765386434643637646566313432653064613839363339
30356137336633333964343037336639316233336434653363356239666632346135343336613034
31346633656162313764333764623534313639366432653630396334363530613033623363373561
65376263316666343038383734393038383265396466306264303365646432376234306665326461
30383365643761633733353830313562303863626138643732623430343331373434343135646362
65346261386236326131613137646466366631383365366162656464353662613634623165373965
36613565636565393962336433363133363435313863616266303838396530353663646230656130
33393236383163306438666532316163376261353663313335383630386537306635386532363261
34316534633334646238643937393731373466393034326139346536613962313231623335363036
30323861343663373362623136373138366238346537343663656530653563643665666162393337
32636530653065303737353666373930373363366662303762393061623461353163666162663733
63643061646536303664363466623564333834313832386136393334386166353639623935383366
34333065386564366332333632393632616139356539633963666362613833383030663233333064
30633562623830646234623035313161616464396434303866643764626637373534386663613863
35306363633166393634333236323733393639366133326365353737663064643231613633366531
38346265313732313662306138303033643463366466303665303365633033353839663762386236
36386233376430653435336163633336653039326161376531633836316365653633316564373239
33623865656638373466363231363537346432366364313036656532363734623832626335336663
32636331623335363030613062393464333062316338666634623432396266366666616261313766
38333563656565626231306130623966656563616562393233303737343833303762643430363030
64656236633762353636623536333236623064363430373632396339343733653837643333626535
32303133623762646434636631333566363962633732643437306431666531343834353066333934
61353533323861343361626635666164393665343062393833316235353765623934373133316438
38383433356638373762363436316230383539326131373036306536393233323334653464353436
39383637336137343033623232383036366538643963656335373664376366613162646132616632
32383865396365653863396630326261613537633866643237623961393961623131313861363033
65613666326664323735313161383135383539316237376432623231363864353965623864623931
30656666343532363166396134353435616331623463343436626537623563346461663333643031
32373061636365333033613634396230393838356337616338663237653431663730333934393135
36623963376332313066653030336265333031376635333361303434396163366261393463643735
65343764643138656664643863323039383732326665313163336638303739626561663432663232
63363639623233626635643662633162643564386564323739376434333136663935633236396662
64356238343365336561393737643634363339373066346334346335643537336665356334636562
34626563376131356566616566373933666438613832646262626233346139326366643039383536
37653864386362326132366532323730643761666539636261666265303734653164366437616639
64623066383331303264326230623535376130333164333566376661386635336637383138646539
35633965383935663034366638616263306435386666383239323363636266386230383366376138
62356635633436643233396430386161666430316363336164623837313639393431326335333032
33323038343834343261323261333862386639366562383538623031363031343565343466363838
38303532663963656666666136613066353064326433393036643137336439383064373439323963
66386365633463386537323733646334616262663231366261643833326562323437393261326665
61366661633464646432313366613339616136646161303230363635396264633937633966343636
35383165316237383564613732623663326362306232343433326632376262316366303265663537
66316533323433313266323338346134353231636165386132313063613335633738656535363862
32393464633665656531376364323234613234383538373634383466333332393663633538613432
39393039376234313337343562366166616436303238653439316166613466346366643638643461
66643330353966656461386361343937363763343236366362373633323032386237376536346630
64663436363264366463613365306136366637663131383965323831636236636633336533303435
64633737653534323531366332633137646535613132643436326131336433653238373639373065
62633963616533333538363735613265303531396437313639646137643562383837623539393339
30663532373665326463643131396331663137366632306131316261616336613264373133373861
34343332326436356137626461346236636336353038313638663636383935323530353637346662
37616239393939393764623931313631333636386266613237343162366561303061316436376363
37656238383538666639626239633436633330373332353464306563653436323839616537306562
62613133366430626133336133636430333632363062386662623062396261653664663631323833
35653633363831643432346634306535666162386261613931326466303033366539633538396161
34316636323031623462323433356663633839623834336133636566366233646336366361393836
63356330653263653134636139333333633333343662633066613535366432666364363334633863
36666336396466346431393761353231316366656666383132333539323834343533383464313061
61633231303938303135393631623232303435653861346433373664323363636231356336643463
34353733643833646366306135383535313765356566613332383962376638363839393766323331
37636434363135663039646434353061643730386565393262646139316534626135333134396633
33643932656537346333386266306434303664656161313763313634393336613636336330363735
37353834376136663730336164636537313565313665346262363633383537326239643763376461
38373063626239326164373336393135363531653736303863386462623737613237643363323131
30323239613135356561323139656666306238363464326363653864626561373334366663393931
63333133303762373634633536313639313136626438393564326135393066666166363564326137
66613565336439656633646464363562633137346230636537626238643638363237363635643735
64646263323561353162383232616561376366383330303833356238343365333133323165306532
38313733313662346432336530636136633137386661656261353333396261366432636539353239
38656161643765326433613831623133336632316435613465333536363231353031323464326263
34383361366265356364656530376631386339613136653231666237653832343837353732346437
64393630346137636337656331383731336366303131376230643130633863336462323633343139
65653863343939376431346564383537333536623831323236346632643132346537623236343566
38643831366162316165366537633630663933643662396537393138386466346263353434633664
37396662613566643534336166363564323535633938356131326136326363653833623430613733
36333233346337623866633936366339616537376430643665363332623965646662363063353736
62336332613432643239623064323965336635653035353237623338623532663565653733303964
61353935373763373965363062396264646264643662343437643739643535376133336538306663
63643638343331646636363863396234303830313033393433313731396138636331336635393838
64366639333964653838396537656332636433626564376636626538356536323461373433343963
62343436633533383965316139333465376135663431306263346666333037303664666665353337
66383435333735666564393562663230643531623463666437646536303533366337643239313066
39326462616134313839336339343739363038646133356561323363396337393262396161343132
31636631363332303132386637366330373163643961353339666362376366346134613061383965
31346131383233313532303061386536323733303063613031663933343465366333326335656666
61306639653362386565663130653235663662626166373139313337303739626162316264306265
31366266656166376132343235633231353039396664366561633135303333383763353432343864
34303333393961343863313130303265643932323564353763373861343631373064353331656333
30653665373235623830393333613431623038643161303339323661313533383037366335653963
39653962653266343239376235356434303966626136353437303165363262636430343464643433
31653336363630356135326461613464353136393435383863386631393436303766336663626131
31313938353365313033616236613238343265313236383666383765386233623736306430613362
37633234666166373934633538613037316332656339633438633533343138633735326533396632
61346633393439333062353436626334626539343630366238356565326461396537396638613865
33316566636665363962646564346364303362623265313937343330363165376232393835656633
35303431643136343563303230666531306237343565366636633235343231343262346332656461
30643165633461343337393630366338656439306665333835383435316535323531396663333661
32363666353762613837613733623735303632653662623135623566363163613566656136363962
35353338636161366631333761363736393662336161383933616538366239386131613537303336
34646431313630396632663439613262333238623162303265383539303832316139316334356561
33356332626538623031326130363132653538393164333764303561316431663135666334383337
32393934326433313534653165633338343731366238613935666235313230633361313536326339
31313937653935646265626562316361613631616361636661633835613562313236353839383134
32353431626531616238383533363666356163383862643762373165643930383166396661363935
61343863383365616334663433336364323636333964396137383338353836306563636237663230
32313431363566623430323130666361303634663132366665343864356630396435636634396233
31636434306632663438393966363066663165626230316438643034363535313330383763313132
30313765336362643530326237643037336638363134396131346137393733636564313233613033
66666262643966336433323838663763663866346335346635383332346136353762356364343632
36633836393265396138623164303936343737353865303339316264633465343362623864313136
37636562353234343363313233386630353533313631356563336539663865313963633338653639
35613865366135636237303830353239316466383338386566396530633663373235323539373463
65383436633231306339663066616662383239306639363039333537306464666134306439346631
31623832663030376537313764623039636264656162653062336131346531396338316335336638
34303165346533336161383838623834386238303833613437376338623633666563626664386136
38613035653238396432323339613837633465653138336630343864653935623465363736663461
336164666163383563613665343233353662
